102.8
150.8
96.8
102.8
125.2
127.8
112.8
82.8
80.8
78.8
65.8
121.8
116.8
92.8
119.8
126.8
105.8
133.8
186.2
99.8
110.8
147.8
118.8
182.8
147.8
84.8
87.8
98.2
80.2
150.8
67.8
109.8
116.8
68.8
114.8
156.2
136.2
151.2
99.2
118.2
74.8
70.8
117.2
131.2
164.2
70.8
78.8
88.8
129.8
190.2
90.2
138.8
88.8
88.8
154.2
128.2
98.2
54.8
61.8
96.8
97.8
58.8
91.2
110.2
92.8
163.8
122.8
81.8
115.2
95.2
97.8
111.8
74.8
82.8
36.2
152.2
90.2
66.2
64.8
43.8
109.8
153.8
132.8
142.8
109.8
399.8
122.8
85.2
138.2
99.8
77.8
94.8
92.8
96.8
114.8
66.2
89.2
64.8
90.8
60.8
72.8
77.8
79.8
106.8
117.8
78.8
85.8
130.2
116.8
147.8
104.8
76.8
99.8
84.8
94.8
66.8
70.8
113.8
164.2
130.8
112.2
115.8
52.8
95.8
81.8
138.8
168.8
137.8
112.8
217.8
108.8
76.8
128.8
111.8
60.2
94.2
86.8
66.8
128.8
147.8
82.8
161.8
150.8
122.8
110.8
77.8
110.2
55.8
74.8
73.8
89.8
60.8
73.8
134.8
85.8
60.2
86.8
65.8
122.8
106.8
150.8
85.8
103.8
73.2
74.2
154.8
115.2
110.2
120.8
147.8
105.2
70.2
80.2
140.8
139.8
48.8
122.8
97.8
92.8
71.2
163.8
156.8
139.8
103.8
170.8
133.8
175.8
86.8
103.2
173.8
170.8
201.8
161.8
135.8
102.8
182.8
142.8
91.8
96.8
116.8
91.8
51.8
70.8
192.8
190.8
140.8
137.8
142.2
99.8
141.2
81.2
110.8
119.8
140.8
130.8
87.8
137.8
79.8
66.8
85.2
82.8
86.2
75.2
139.8
141.8
154.8
99.8
113.2
80.8
80.8
100.8
118.8
111.8
183.8
192.8
143.8
92.8
64.8
222.8
50.8
138.8
154.8
115.8
88.8
105.8
149.8
137.8
78.8
103.8
79.8
108.8
116.8
113.8
109.8
136.2
146.8
125.8
129.8
81.8
136.8
144.8
94.8
116.8
115.8
86.8
78.8
45.8
59.8
93.8
106.2
81.8
205.8
175.8
131.8
123.8
180.8
129.8
113.2
88.8
112.8
78.8
73.8
120.2
95.8
91.8
83.2
163.8
176.8
177.8
125.8
105.8
135.8
187.8
150.8
109.8
88.8
123.2
117.8
137.8
118.8
88.8
116.8
161.8
141.2
96.8
90.2
77.8
66.2
112.2
96.8
62.8
89.8
91.8
92.8
87.8
25.8
39.8
110.8
142.8
289.2
249.8
239.8
224.8
120.8
198.8
152.8
102.8
71.8
120.8
169.8
98.8
136.8
115.8
91.8
111.8
108.8
113.8
94.8
89.8
208.8
137.8
145.8
124.8
123.8
72.8
135.8
85.8
52.8
65.8
80.2
60.8
111.8
104.8
101.8
56.8
118.8
92.8
84.8
109.8
129.8
147.8
170.8
116.8
176.8
69.8
151.8
117.8
135.8
94.2
80.8
97.2
47.8
86.8
158.8
122.8
113.8
149.8
109.8
105.8
129.8
131.8
159.8
157.8
121.8
131.8
76.8
78.8
82.8
107.8
184.8
78.8
103.8
152.8
91.8
115.8
137.8
126.8
132.8
89.8
137.8
71.8
157.8
125.8
139.8
109.8
115.8
80.8
203.8
184.8
103.8
198.8
101.8
86.8
86.8
89.8
118.8
125.8
95.8
89.8
75.8
73.8
74.2
160.8
98.8
91.8
85.8
127.8
80.8
84.8
124.8
127.2
74.8
104.8
102.8
74.2
116.8
107.8
90.8
101.8
183.2
93.8
79.2
49.8
65.8
92.2
111.8
137.8
147.8
193.8
82.8
183.8
85.8
136.8
119.8
96.8
41.8
140.8
115.8
85.8
186.8
90.8
95.8
159.8
121.8
179.8
163.8
200.8
232.8
242.8
223.8
177.8
139.8
134.8
98.8
75.8
85.8
172.8
175.8
126.8
88.8
88.8
86.8
103.8
81.8
106.8
115.8
103.8
75.8
108.8
142.8
51.2
135.8
132.8
88.8
84.8
43.8
123.2
169.2
156.8
158.8
106.8
82.8
102.8
126.8
112.8
151.8
81.8
50.2
129.8
68.8
102.8
111.8
103.8
128.8
87.8
137.2
41.2
165.8
166.8
57.8
123.8
119.2
128.2
97.8
76.8
166.8
192.8
193.8
212.8
163.8
187.8
150.8
80.8
68.8
131.8
78.2
68.8
